00 00 00 00 00 00 00 00 00 00 00 00 00 00 00 00 00 00 00 00 00 00 00 00 00 00 00 00 00 00 00 00 00 00 00 00 00 00 00 00 00 00 00 00 00 00 00 00 00 00 00 00 00 00 00 00 00 00 00 00 00 00 00 00 00 00 00 00 00 00 00 00 00 00 00 00 00 00 00 00 00 00 00 00 00 00 00 00 00 00 00 00 00 00 00 00 00 00 00 00 00 00 00 00 00 00 00 00 00 00 00 00 00 00 00 00 00 00 00 00

bf 1c 40 00 00 00 00 00
20 37 38 43 00 00 00 00
c6 1c 40 00 00 00 00 00 
20 37 38 43 00 00 00 00
e1 1c 40 00 00 00 00 00
03 1d 40 00 00 00 00 00
03 1d 40 00 00 00 00 00
fb 1c 40 00 00 00 00 00
1e 1d 40 00 00 00 00 00
a3 19 40 00 00 00 00 00
